MNA_matrix = 
1.66667  -1  0  0  -0.666667  0  0  0  0  0  0  0  0  
-1  1.66667  0  0  0  -0.666667  0  0  -1  0  0  -1  0  
0  0  10  -10  0  0  0  0  0  0  0  1  0  
0  0  -10  10  0  0  0  0  0  1  0  0  0  
-0.666667  0  0  0  10.6667  -10  0  0  1  0  1  0  0  
0  -0.666667  0  0  -10  10.6667  0  0  0  0  0  0  -1  
0  0  0  0  0  0  0  0  0  0  0  0  1  
0  0  0  0  0  0  0  0.001  0  0  0  0  0  
0  -1  0  0  1  0  0  0  -50  0  0  0  0  
0  0  0  1  0  0  0  0  0  -10  0  0  0  
0  0  0  0  1  0  0  0  0  0  0  0  0  
0  -1  1  0  0  0  0  0  0  0  0  0  0  
0  0  0  0  0  -1  1  0  0  0  0  0  0  

MNA_b = 
0
0
0
-0.001
0
0.001
0
0.001
0
0
2
0.2
2

solution : 
V(n1) = 1.88527
V(n2) = 1.80879
V(n3) = 2.00879
V(n4) = 1.9888
V(n5) = 2
V(n6) = 1.98814
V(n7) = 3.98814
V(n8) = 1
I(R3) = 0.00382426
I(R8) = 0.19888
I(V1) = -0.19888
I(V2) = -0.19988
I(V3) = 0
